Version 0.9.7
5
 4 10 175 77 128 0 1
 5 80 400 206 81 2 2
 0 110 170 877 276 8 3
 3 438 485 203 58 140 4
 1 144 464 206 81 149 5
 0
20
 255 5 71 189 71 189 71 162 163 162 163 184 163 184 0 1 0 3
 255 5 930 184 930 184 996 184 996 431 930 431 930 431 0 3 0 3
 0 5 71 288 71 288 71 418 71 418 163 418 163 418 0 1 0 3
 0 5 930 418 930 418 986 418 986 197 930 197 930 197 0 3 0 3
 0 5 436 418 436 418 436 522 436 522 449 522 449 522 0 3 0 4
 0 5 176 418 176 418 171 418 171 533 159 533 159 533 0 3 0 5
 255 5 163 431 163 431 163 475 163 475 159 475 159 475 0 3 0 5
 255 5 501 184 501 184 496 184 496 275 501 275 501 275 0 3 0 3
 65793 5 592 379 592 379 592 379 592 418 592 418 592 418 0 3 0 3
 8421631 5 200 475 196 475 196 225 579 225 579 236 579 236 0 5 0 3
 12615935 5 219 475 222 475 222 218 553 218 553 236 553 236 0 5 0 3
 16744703 5 238 475 235 475 235 204 539 204 539 236 540 236 0 5 0 3
 16711935 5 257 475 257 297 507 297 507 236 514 236 514 236 0 5 0 3
 8388863 5 276 475 274 475 274 162 586 162 586 236 592 236 0 5 0 3
 16711808 5 295 475 286 475 286 141 560 141 560 236 566 236 0 5 0 3
 16744576 5 314 475 314 475 314 126 522 126 522 236 527 236 0 5 0 3
 8388736 5 333 475 333 475 494 475 494 379 501 379 501 379 0 5 0 3
 32896 5 579 379 579 394 652 394 652 529 624 529 624 529 0 3 0 4
 32896 5 566 379 566 388 638 388 638 529 604 529 604 529 0 3 0 4
 32896 5 553 379 553 402 663 402 663 529 584 529 584 529 0 3 0 4
1
 7085 1 16 495 288 5 0 0 9128 3
