Version 0.9.7
5
 4 211 317 77 128 0 1
 5 80 400 206 81 2 2
 0 361 237 877 276 8 3
 1 411 587 206 81 140 4
 3 367 112 203 58 150 5
 0
42
 255 5 272 331 272 331 272 265 414 265 414 264 414 264 0 1 0 3
 255 5 1181 264 1181 264 1246 264 1246 498 1181 498 1181 498 0 3 0 3
 0 5 272 430 272 430 272 485 272 485 414 485 414 485 0 1 0 3
 0 5 1181 485 1181 485 1257 485 1257 251 1181 251 1181 251 0 3 0 3
 0 5 427 485 427 485 434 485 434 656 426 656 426 656 0 3 0 4
 0 5 466 485 466 485 466 485 466 446 466 446 466 446 0 3 0 3
 0 5 570 485 570 485 570 485 570 446 570 446 570 446 0 3 0 3
 0 5 674 485 674 485 674 485 674 446 674 446 674 446 0 3 0 3
 0 5 804 446 804 446 804 446 804 485 804 485 804 485 0 3 0 3
 0 5 934 446 934 446 934 446 934 485 934 485 934 485 0 3 0 3
 0 5 378 149 378 149 389 149 389 251 414 251 414 251 0 5 0 3
 255 5 427 264 427 264 427 293 388 293 388 303 388 303 0 3 0 3
 255 5 492 264 492 264 492 264 492 303 492 303 492 303 0 3 0 3
 255 5 596 264 596 264 596 264 596 303 596 303 596 303 0 3 0 3
 255 5 726 264 726 264 726 264 726 303 726 303 726 303 0 3 0 3
 255 5 856 264 856 264 856 264 856 303 856 303 856 303 0 3 0 3
 255 5 414 498 414 498 414 598 414 598 426 598 426 598 0 3 0 4
 12615935 5 467 598 462 598 462 519 850 519 850 446 856 446 0 4 0 3
 12615935 5 467 611 467 537 487 537 487 446 492 446 492 446 0 4 0 3
 12615935 5 467 624 457 624 457 527 720 527 720 446 726 446 0 4 0 3
 16744703 5 486 598 489 598 489 540 499 540 499 446 505 446 0 4 0 3
 16744703 5 486 611 480 611 480 560 592 560 592 446 596 446 0 4 0 3
 16744703 5 486 624 495 624 495 552 524 552 524 446 531 446 0 4 0 3
 16711935 5 505 598 519 598 519 567 544 567 544 446 544 446 0 4 0 3
 16711935 5 505 611 513 611 513 574 746 574 746 446 752 446 0 4 0 3
 16711935 5 505 624 505 582 863 582 863 446 869 446 869 446 0 4 0 3
 33023 5 609 342 609 342 609 377 759 377 759 446 765 446 0 3 0 3
 25284 5 518 446 512 446 512 382 622 382 622 342 622 342 0 3 0 3
 12615935 5 492 433 492 433 492 427 388 427 388 433 388 433 0 3 0 3
 16750899 5 557 433 557 433 557 438 401 438 401 433 401 433 0 3 0 3
 16744576 5 414 433 406 433 406 680 888 680 888 433 895 433 0 3 0 3
 8421440 5 882 446 882 446 876 446 876 342 869 342 869 342 0 3 0 3
 16744703 5 596 407 596 407 596 386 882 386 882 342 882 342 0 3 0 3
 255 5 960 303 960 303 960 303 960 264 960 264 960 264 0 3 0 3
 0 5 1038 446 1038 446 1038 446 1038 485 1038 485 1038 485 0 3 0 3
 4227072 5 557 446 557 446 557 439 642 439 642 342 648 342 0 3 0 3
 5481984 5 739 446 739 446 739 438 654 438 654 342 661 342 0 3 0 3
 16711808 5 674 342 674 342 674 335 908 335 908 342 908 342 0 3 0 3
 13369446 5 895 342 895 342 895 348 921 348 921 342 921 342 0 3 0 3
 4210816 5 934 342 928 342 928 413 778 413 778 407 778 407 0 3 0 3
 4210816 5 778 420 778 420 778 425 908 425 908 433 908 433 0 3 0 3
 32896 5 921 433 921 433 941 433 941 156 553 156 553 156 0 3 0 5
6
 7008 1 14 382 355 5 0 0 5664 3
 7008 1 14 486 355 5 0 0 5664 3
 7008 1 14 590 355 5 0 0 5664 3
 7004 1 14 720 355 5 0 0 5664 3
 7032 1 14 850 355 5 0 0 5664 3
 7032 1 14 954 355 5 0 0 0 3
