Version 0.9.7
5
 4 37 271 77 128 0 1
 5 80 400 206 81 2 2
 0 147 194 877 276 8 3
 3 198 106 203 58 140 4
 1 231 497 206 81 149 5
 0
35
 255 5 98 285 98 285 98 223 200 223 200 221 200 221 0 1 0 3
 255 5 967 221 967 221 1030 221 1030 455 967 455 967 455 0 3 0 3
 0 5 98 384 98 384 98 444 200 444 200 442 200 442 0 1 0 3
 0 5 967 208 967 208 1045 208 1045 442 967 442 967 442 0 3 0 3
 0 5 213 442 213 442 207 442 207 566 246 566 246 566 0 3 0 5
 255 5 200 455 200 455 200 508 200 508 246 508 246 508 0 3 0 5
 255 5 291 221 291 221 291 221 291 260 291 260 291 260 0 3 0 3
 255 5 408 221 408 221 408 221 408 260 408 260 408 260 0 3 0 3
 255 5 577 221 577 221 577 221 577 260 577 260 577 260 0 3 0 3
 255 5 759 221 759 221 759 221 759 260 759 260 759 260 0 3 0 3
 65793 5 369 403 369 403 369 403 369 442 369 442 369 442 0 3 0 3
 65793 5 486 403 486 403 486 403 486 442 486 442 486 442 0 3 0 3
 65793 5 655 403 655 403 655 403 655 442 655 442 655 442 0 3 0 3
 65793 5 837 403 837 403 837 403 837 442 837 442 837 442 0 3 0 3
 12615935 5 287 508 287 508 285 508 285 364 291 364 291 364 0 5 0 3
 12615935 5 287 521 287 521 298 521 298 305 317 305 317 299 0 5 0 3
 12615935 5 317 260 317 260 317 246 824 246 824 260 824 260 0 3 0 3
 10172415 5 306 508 306 508 310 508 310 299 304 299 304 299 0 5 0 3
 10172415 5 304 286 304 286 304 292 753 292 753 364 759 364 0 3 0 3
 7864560 5 325 508 324 508 324 361 330 361 330 364 330 364 0 5 0 3
 7864560 5 330 377 330 377 330 370 421 370 421 364 421 364 0 3 0 3
 5963959 5 344 508 344 508 336 508 336 299 343 299 343 299 0 5 0 3
 16744448 5 330 299 330 299 330 338 408 338 408 364 408 364 0 3 0 3
 13395456 5 317 364 317 364 317 351 343 351 343 364 343 364 0 3 0 3
 4259584 5 304 364 304 364 304 345 773 345 773 364 772 364 0 3 0 3
 3727616 5 356 364 356 364 356 357 785 357 785 364 785 364 0 3 0 3
 3260672 5 434 364 434 364 434 369 811 369 811 364 811 364 0 3 0 3
 33023 5 811 260 811 260 811 253 642 253 642 260 642 260 0 3 0 3
 29670 5 837 299 837 299 837 325 577 325 577 364 577 364 0 3 0 3
 26058 5 590 364 590 364 590 328 824 328 824 364 824 364 0 3 0 3
 16744576 5 798 364 793 364 793 183 363 183 363 299 356 299 0 3 0 3
 16738922 5 603 364 603 364 603 340 798 340 798 299 798 299 0 3 0 3
 16734553 5 369 299 369 299 369 306 629 306 629 299 629 299 0 3 0 3
 32896 5 384 150 384 150 384 175 649 175 649 299 655 299 0 4 0 3
 0 5 200 208 200 208 200 143 200 143 209 143 209 143 0 3 0 4
4
 7008 1 14 285 312 5 0 0 0 3
 7008 1 14 402 312 5 0 0 8780 3
 7032 1 14 571 312 5 0 0 8780 3
 7004 1 14 753 312 5 0 0 8780 3
