Version 0.9.7
5
 4 72 285 77 128 0 1
 5 80 400 206 81 2 2
 0 229 206 877 276 8 3
 1 273 537 206 81 140 4
 3 383 116 203 58 150 7
 0
22
 255 5 133 299 133 299 133 238 282 238 282 233 282 233 0 1 0 3
 255 5 1049 233 1049 233 1120 233 1120 467 1049 467 1049 467 0 3 0 3
 65793 5 133 398 133 398 133 451 282 451 282 454 282 454 0 1 0 3
 65793 5 1049 220 1049 220 1139 220 1139 454 1049 454 1049 454 0 3 0 3
 65793 5 529 415 529 415 529 415 529 454 529 454 529 454 0 3 0 3
 255 5 451 233 451 233 451 233 451 272 451 272 451 272 0 3 0 3
 255 5 282 467 282 467 282 548 282 548 288 548 288 548 0 3 0 4
 0 5 295 454 295 454 301 454 301 606 288 606 288 606 0 3 0 4
 16744448 5 451 376 451 376 445 376 445 495 329 495 329 548 0 3 0 4
 13986304 5 348 548 348 548 348 502 458 502 458 376 464 376 0 4 0 3
 11753728 5 367 548 367 510 484 510 484 376 490 376 490 376 0 4 0 3
 9521152 5 386 548 386 548 386 517 497 517 497 376 503 376 0 4 0 3
 0 5 386 220 386 220 386 153 386 153 394 153 394 153 0 3 0 7
 255 5 633 233 633 233 633 233 633 272 633 272 633 272 0 3 0 3
 0 5 711 415 711 415 711 415 711 454 711 454 711 454 0 3 0 3
 255 5 802 272 802 272 802 272 802 233 802 233 802 233 0 3 0 3
 65793 5 880 415 880 415 880 415 880 454 880 454 880 454 0 3 0 3
 22963 5 516 376 516 376 516 343 633 343 633 376 633 376 0 3 0 3
 31218 5 477 376 477 376 477 335 659 335 659 376 659 376 0 3 0 3
 16744576 5 646 376 646 376 646 357 802 357 802 376 802 376 0 3 0 3
 16730698 5 672 376 672 376 672 348 815 348 815 376 815 376 0 3 0 3
 16744703 5 828 376 828 376 835 376 835 188 569 188 569 160 0 3 0 7
3
 7008 1 14 445 324 5 0 0 1208 3
 7032 1 14 796 324 5 0 0 1208 3
 7004 1 14 627 324 5 0 0 8780 3
