Version 0.9.7
7
 4 242 107 77 128 0 1
 5 100 400 206 81 2 2
 0 352 255 877 276 8 3
 1 115 247 206 81 140 4
 1 194 593 206 81 150 5
 3 981 537 203 58 170 7
 6 456 75 449 130 179 8
 0
43
 255 5 1172 269 1172 269 1263 269 1263 516 1172 516 1172 516 0 3 0 3
 255 5 470 269 470 269 465 269 465 321 470 321 470 321 0 3 0 3
 255 5 847 269 847 269 841 269 841 321 847 321 847 321 0 3 0 3
 65793 5 1172 503 1172 503 1251 503 1251 282 1172 282 1172 282 0 3 0 3
 65793 5 613 464 613 464 613 464 613 503 613 503 613 503 0 3 0 3
 65793 5 938 464 938 464 938 464 938 503 938 503 938 503 0 3 0 3
 255 5 472 102 472 102 419 102 419 269 418 269 418 269 0 8 0 3
 65793 5 977 503 977 503 972 503 972 574 992 574 992 574 0 3 0 7
 3092432 5 805 198 805 198 805 251 880 251 880 321 886 321 0 8 0 3
 1020400 5 899 321 899 321 892 321 892 245 818 245 818 198 0 3 0 8
 848878 5 912 321 906 321 906 239 831 239 831 198 831 198 0 3 0 8
 3459979 5 844 198 844 198 844 233 918 233 918 321 925 321 0 8 0 3
 6409522 5 857 198 857 198 857 227 932 227 932 321 938 321 0 8 0 3
 13422639 5 870 198 870 220 944 220 944 311 860 311 860 321 0 8 0 3
 13729838 5 883 198 883 214 958 214 958 302 873 302 873 321 0 8 0 3
 3618760 5 1167 581 1167 581 1167 620 919 620 919 464 925 464 0 7 0 3
 1473257 5 847 464 853 464 853 613 1147 613 1147 581 1147 581 0 3 0 7
 710901 5 860 464 866 464 866 606 1127 606 1127 581 1127 581 0 3 0 7
 1958577 5 912 464 906 464 906 599 1107 599 1107 581 1107 581 0 3 0 7
 10034148 5 171 284 159 284 159 341 530 341 530 360 535 360 0 4 0 3
 12392679 5 509 360 509 360 509 352 179 352 179 284 190 284 0 3 0 4
 15275747 5 483 360 483 360 483 367 199 367 199 284 209 284 0 3 0 4
 15471536 5 483 425 483 425 483 381 218 381 218 284 228 284 0 3 0 4
 3133637 5 247 284 238 284 238 471 496 471 496 464 496 464 0 4 0 3
 2937753 5 266 284 254 284 254 478 509 478 509 464 509 464 0 4 0 3
 2937698 5 285 284 274 284 274 486 522 486 522 464 522 464 0 4 0 3
 4838188 5 535 464 535 464 535 494 294 494 294 284 304 284 0 3 0 4
 16744576 5 548 464 548 464 543 464 543 552 250 552 250 604 0 3 0 5
 16733525 5 561 464 554 464 554 545 269 545 269 604 269 604 0 3 0 5
 13554306 5 548 360 548 360 548 387 336 387 336 604 326 604 0 3 0 5
 13875073 5 522 360 522 360 522 391 348 391 348 604 345 604 0 3 0 5
 13868417 5 496 360 496 360 496 395 359 395 359 604 364 604 0 3 0 5
 13795976 5 470 425 470 425 470 399 372 399 372 604 383 604 0 3 0 5
 255 5 303 160 303 160 399 160 399 269 405 269 405 269 0 1 0 3
 65793 5 303 220 303 220 303 239 392 239 392 282 405 282 0 1 0 3
 13535025 5 847 425 847 425 847 431 587 431 587 425 587 425 0 3 0 3
 13583408 5 860 425 860 425 860 418 600 418 600 425 600 425 0 3 0 3
 13708887 5 574 425 574 425 574 404 925 404 925 425 925 425 0 3 0 3
 13708948 5 613 360 613 360 613 392 912 392 912 425 912 425 0 3 0 3
 255 5 405 516 405 510 187 510 187 604 209 604 209 604 0 3 0 5
 0 5 405 503 405 503 180 503 180 662 209 662 209 662 0 3 0 5
 0 5 130 316 130 316 100 316 100 207 303 207 303 207 0 4 0 1
 255 5 303 147 326 147 326 100 107 100 107 258 130 258 0 1 0 4
2
 7181 1 24 464 373 5 0 0 2824 3
 7047 1 16 841 373 5 0 0 2824 3
