Version 0.9.7
5
 4 68 220 77 128 0 1
 5 80 400 206 81 2 2
 0 207 143 877 276 8 3
 1 252 448 206 81 146 4
 3 505 67 203 58 156 5
 0
24
 255 5 129 234 129 234 129 170 129 170 260 170 260 170 0 1 0 3
 255 5 351 170 351 170 351 170 351 209 351 209 351 209 0 3 0 3
 255 5 507 170 507 170 507 170 507 209 507 209 507 209 0 3 0 3
 255 5 689 170 689 170 689 170 689 209 689 209 689 209 0 3 0 3
 0 5 129 333 129 333 129 333 129 391 260 391 260 391 0 1 0 3
 255 5 1027 404 1027 404 1094 404 1094 170 1027 170 1027 170 0 3 0 3
 0 5 1027 391 1027 391 1112 391 1112 157 1027 157 1027 157 0 3 0 3
 0 5 273 391 273 391 280 391 280 517 267 517 267 517 0 3 0 4
 0 5 520 157 520 157 520 104 520 104 516 104 516 104 0 3 0 5
 255 5 260 404 260 404 260 459 260 459 267 459 267 459 0 3 0 4
 0 5 429 352 429 352 429 352 429 391 429 391 429 391 0 3 0 3
 0 5 585 352 585 352 585 352 585 391 585 391 585 391 0 3 0 3
 0 5 767 352 767 352 767 352 767 391 767 391 767 391 0 3 0 3
 8917503 5 346 459 346 459 358 459 358 313 364 313 364 313 0 4 0 3
 12615935 5 308 459 307 459 307 320 351 320 351 313 351 313 0 4 0 3
 33023 5 377 313 377 313 377 288 507 288 507 313 507 313 0 3 0 3
 5505192 5 365 459 365 459 365 424 683 424 683 313 689 313 0 4 0 3
 5701806 5 390 313 390 313 390 279 702 279 702 313 702 313 0 3 0 3
 12615935 5 308 472 308 417 397 417 397 313 403 313 403 313 0 4 0 3
 24767 5 416 313 416 313 416 292 520 292 520 313 520 313 0 3 0 3
 16744448 5 533 313 533 313 533 291 715 291 715 313 715 313 0 3 0 3
 4210816 5 728 313 728 313 728 273 364 273 364 248 364 248 0 3 0 3
 11361279 5 327 459 327 459 331 459 331 241 377 241 377 248 0 4 0 3
 32896 5 390 248 390 248 396 248 396 129 551 129 551 111 0 3 0 5
3
 7008 1 14 345 261 5 0 0 9420 3
 7004 1 14 683 261 5 0 0 9420 3
 7032 1 14 501 261 5 0 0 9420 3
