Version 0.9.7
5
 4 9 259 77 128 0 1
 5 80 400 206 81 2 2
 0 115 225 877 276 8 3
 1 210 108 206 81 140 4
 3 207 509 203 58 150 5
 0
22
 255 5 70 273 70 273 111 273 111 239 168 239 168 239 0 1 0 3
 255 5 70 286 70 286 111 286 111 486 168 486 168 486 0 1 0 3
 65793 5 70 372 70 372 105 372 105 473 168 473 168 473 0 1 0 3
 65793 5 70 359 70 359 105 359 105 252 168 252 168 252 0 1 0 3
 0 5 218 546 218 546 218 573 461 573 461 473 467 473 0 5 0 3
 65793 5 441 252 434 252 434 205 225 205 225 177 225 177 0 3 0 4
 255 5 441 239 442 239 442 99 225 99 225 119 225 119 0 3 0 4
 255 5 545 434 545 434 539 434 539 486 545 486 545 486 0 3 0 3
 65793 5 545 252 545 252 545 252 545 291 545 291 545 291 0 3 0 3
 65793 5 545 304 545 304 545 304 532 304 532 304 532 304 0 3 0 3
 12615935 5 266 145 266 145 266 79 566 79 566 330 571 330 0 4 0 3
 16744703 5 285 145 285 145 285 88 584 88 584 395 584 395 0 4 0 3
 16711935 5 304 145 304 145 304 107 524 107 524 395 519 395 0 4 0 3
 8388863 5 323 145 323 151 488 151 488 395 493 395 493 395 0 4 0 3
 8421631 5 342 145 342 145 342 322 558 322 558 330 558 330 0 4 0 3
 16711808 5 361 145 361 220 538 220 538 400 571 400 571 395 0 4 0 3
 8388736 5 380 145 380 160 514 160 514 395 532 395 532 395 0 4 0 3
 8388672 5 399 145 399 145 399 276 499 276 499 330 493 330 0 4 0 3
 33023 5 506 330 506 336 343 336 343 553 333 553 333 553 0 3 0 5
 33023 5 353 553 353 352 518 352 518 330 519 330 519 330 0 5 0 3
 33023 5 506 434 506 434 506 450 370 450 370 553 373 553 0 3 0 5
 33023 5 558 434 558 434 565 434 565 553 393 553 393 553 0 3 0 5
1
 7083 1 16 487 343 5 0 0 9128 3
